12442776
10397770
60250274
94892999
92797117
23321002
18820732
53506312
33613923
31518041
86011113
55313926
42384373
12649057
33110785
31135099
61295637
15698584
63261641
54805414
87057526
84603226
47911186
93791227
72094569
58630662
99857937
20068731
16665133
94082386
44212026
49364472
72502672
48291391
12668266
41513426
72270343
18471338
53140394
17068333
95765393
96102979
27514723
24111126
94702865
32811936
24026389
27307166
51543002
30444457
99611474
17042956
93144832
81576296
10896466
14177243
50022569
55981544
33653262
34308197
66200105
98856221
79343082
11790711
72055395
11850440
18547994
59543989
29808673
87678417
45022769
99354711
30952131
34050359
46783370
26880570
22712010
60750075
41484740
56380297
71234785
67477304
93369448
95228098
65492782
80934218
56616254
26880938
33578492
63373536
20153340
60860103
47931514
48118996
70815837
98602267
92206747
75690444
40724484
64960320
15089960
